1901 23
1901 27
1901 29
1901 33
1901 35
1901 30
1902 25
1902 28
1902 34
1902 36
1902 32
1902 31
1903 22
1903 24
1903 26
1903 29
1903 30
1903 28
1904 21
1904 24
1904 26
1904 28
1904 25
1904 31
1905 30
1905 33
1905 37
1905 35
1905 36
1905 38
1906 32
1906 34
1906 36
1906 35
1906 37
1906 39
1907 28
1907 31
1907 33
1907 32
1907 35
1907 30
1908 29
1908 31
1908 34
1908 35
1908 32
1908 33
1909 25
1909 27
1909 28
1909 29
1909 31
1909 30
1910 20
1910 24
1910 27
1910 29
1910 26
1910 30
1911 23
1911 25
1911 28
1911 30
1911 33
1911 31
1912 26
1912 28
1912 30
1912 29
1912 32
1912 34
1913 27
1913 29
1913 31
1913 34
1913 36
1913 33
1914 25
1914 28
1914 30
1914 31
1914 32
1914 33
1915 26
1915 28
1915 30
1915 33
1915 35
1915 36
1916 24
1916 27
1916 29
1916 30
1916 31
1916 32
1917 25
1917 26
1917 29
1917 31
1917 33
1917 35
1918 23
1918 25
1918 28
1918 30
1918 32
1918 33
1919 24
1919 26
1919 29
1919 31
1919 34
1919 35
1920 27
1920 28
1920 30
1920 33
1920 34
1920 36
